 &plot nbnd=   8, nks=   201 /
           -0.500000  0.500000  0.500000
   -3.512   -0.842    4.856    4.856    7.492    9.395    9.395   13.749
           -0.490000  0.490000  0.490000
   -3.518   -0.834    4.857    4.857    7.493    9.396    9.396   13.750
           -0.480000  0.480000  0.480000
   -3.534   -0.810    4.859    4.859    7.495    9.398    9.398   13.753
           -0.470000  0.470000  0.470000
   -3.561   -0.771    4.862    4.862    7.499    9.402    9.402   13.759
           -0.460000  0.460000  0.460000
   -3.597   -0.717    4.867    4.867    7.505    9.407    9.407   13.768
           -0.450000  0.450000  0.450000
   -3.642   -0.651    4.874    4.874    7.513    9.414    9.414   13.778
           -0.440000  0.440000  0.440000
   -3.694   -0.572    4.882    4.882    7.522    9.422    9.422   13.790
           -0.430000  0.430000  0.430000
   -3.752   -0.483    4.891    4.891    7.532    9.432    9.432   13.804
           -0.420000  0.420000  0.420000
   -3.815   -0.383    4.901    4.901    7.545    9.442    9.442   13.820
           -0.410000  0.410000  0.410000
   -3.881   -0.275    4.914    4.914    7.559    9.454    9.454   13.835
           -0.400000  0.400000  0.400000
   -3.951   -0.160    4.927    4.927    7.574    9.466    9.466   13.851
           -0.390000  0.390000  0.390000
   -4.023   -0.037    4.942    4.942    7.591    9.479    9.479   13.866
           -0.380000  0.380000  0.380000
   -4.096    0.092    4.958    4.958    7.610    9.492    9.492   13.878
           -0.370000  0.370000  0.370000
   -4.171    0.226    4.976    4.976    7.631    9.505    9.505   13.886
           -0.360000  0.360000  0.360000
   -4.245    0.366    4.995    4.995    7.652    9.518    9.518   13.886
           -0.350000  0.350000  0.350000
   -4.320    0.511    5.015    5.015    7.676    9.530    9.530   13.874
           -0.340000  0.340000  0.340000
   -4.394    0.659    5.037    5.037    7.701    9.542    9.542   13.847
           -0.330000  0.330000  0.330000
   -4.468    0.812    5.060    5.060    7.727    9.552    9.552   13.799
           -0.320000  0.320000  0.320000
   -4.541    0.968    5.085    5.085    7.755    9.560    9.560   13.727
           -0.310000  0.310000  0.310000
   -4.613    1.128    5.110    5.110    7.784    9.566    9.566   13.632
           -0.300000  0.300000  0.300000
   -4.683    1.291    5.137    5.137    7.814    9.570    9.570   13.515
           -0.290000  0.290000  0.290000
   -4.752    1.457    5.165    5.165    7.846    9.570    9.570   13.382
           -0.280000  0.280000  0.280000
   -4.819    1.625    5.195    5.195    7.879    9.567    9.567   13.236
           -0.270000  0.270000  0.270000
   -4.885    1.796    5.226    5.226    7.913    9.561    9.561   13.081
           -0.260000  0.260000  0.260000
   -4.949    1.970    5.257    5.257    7.949    9.550    9.550   12.919
           -0.250000  0.250000  0.250000
   -5.011    2.145    5.290    5.290    7.985    9.534    9.534   12.752
           -0.240000  0.240000  0.240000
   -5.070    2.323    5.324    5.324    8.022    9.514    9.514   12.582
           -0.230000  0.230000  0.230000
   -5.128    2.503    5.359    5.359    8.060    9.489    9.489   12.408
           -0.220000  0.220000  0.220000
   -5.184    2.684    5.394    5.394    8.099    9.460    9.460   12.233
           -0.210000  0.210000  0.210000
   -5.237    2.867    5.431    5.431    8.139    9.426    9.426   12.056
           -0.200000  0.200000  0.200000
   -5.288    3.050    5.468    5.468    8.179    9.388    9.388   11.877
           -0.190000  0.190000  0.190000
   -5.337    3.235    5.506    5.506    8.219    9.346    9.346   11.698
           -0.180000  0.180000  0.180000
   -5.384    3.421    5.544    5.544    8.259    9.300    9.300   11.518
           -0.170000  0.170000  0.170000
   -5.428    3.607    5.582    5.582    8.299    9.252    9.252   11.337
           -0.160000  0.160000  0.160000
   -5.470    3.794    5.621    5.621    8.339    9.201    9.201   11.157
           -0.150000  0.150000  0.150000
   -5.509    3.980    5.659    5.659    8.378    9.149    9.149   10.977
           -0.140000  0.140000  0.140000
   -5.546    4.166    5.697    5.697    8.417    9.096    9.096   10.798
           -0.130000  0.130000  0.130000
   -5.580    4.351    5.735    5.735    8.454    9.042    9.042   10.620
           -0.120000  0.120000  0.120000
   -5.612    4.534    5.772    5.772    8.489    8.989    8.989   10.444
           -0.110000  0.110000  0.110000
   -5.642    4.714    5.808    5.808    8.523    8.936    8.936   10.271
           -0.100000  0.100000  0.100000
   -5.669    4.892    5.842    5.842    8.553    8.885    8.885   10.102
           -0.090000  0.090000  0.090000
   -5.693    5.064    5.875    5.875    8.581    8.837    8.837    9.939
           -0.080000  0.080000  0.080000
   -5.715    5.231    5.906    5.906    8.604    8.791    8.791    9.782
           -0.070000  0.070000  0.070000
   -5.735    5.390    5.934    5.934    8.622    8.749    8.749    9.636
           -0.060000  0.060000  0.060000
   -5.751    5.540    5.960    5.960    8.635    8.712    8.712    9.502
           -0.050000  0.050000  0.050000
   -5.766    5.676    5.982    5.982    8.640    8.679    8.679    9.384
           -0.040000  0.040000  0.040000
   -5.777    5.796    6.001    6.001    8.637    8.651    8.651    9.286
           -0.030000  0.030000  0.030000
   -5.786    5.897    6.016    6.016    8.628    8.629    8.629    9.211
           -0.020000  0.020000  0.020000
   -5.793    5.972    6.027    6.027    8.612    8.612    8.615    9.160
           -0.010000  0.010000  0.010000
   -5.797    6.020    6.034    6.034    8.603    8.603    8.604    9.131
            0.000000  0.000000  0.000000
   -5.798    6.036    6.036    6.036    8.599    8.599    8.599    9.121
           -0.020000  0.000000  0.000000
   -5.796    6.023    6.029    6.029    8.595    8.609    8.609    9.134
           -0.040000  0.000000  0.000000
   -5.791    5.986    6.007    6.007    8.582    8.637    8.637    9.170
           -0.060000  0.000000  0.000000
   -5.782    5.925    5.971    5.971    8.561    8.683    8.683    9.229
           -0.080000  0.000000  0.000000
   -5.770    5.844    5.923    5.923    8.532    8.746    8.746    9.307
           -0.100000  0.000000  0.000000
   -5.755    5.746    5.865    5.865    8.495    8.823    8.823    9.401
           -0.120000  0.000000  0.000000
   -5.736    5.632    5.798    5.798    8.452    8.913    8.913    9.508
           -0.140000  0.000000  0.000000
   -5.713    5.507    5.724    5.724    8.403    9.015    9.015    9.623
           -0.160000  0.000000  0.000000
   -5.688    5.371    5.645    5.645    8.348    9.126    9.126    9.743
           -0.180000  0.000000  0.000000
   -5.658    5.227    5.561    5.561    8.289    9.245    9.245    9.863
           -0.200000  0.000000  0.000000
   -5.626    5.077    5.474    5.474    8.226    9.372    9.372    9.979
           -0.220000  0.000000  0.000000
   -5.590    4.922    5.385    5.385    8.160    9.505    9.505   10.087
           -0.240000  0.000000  0.000000
   -5.550    4.762    5.294    5.294    8.091    9.644    9.644   10.179
           -0.260000  0.000000  0.000000
   -5.507    4.598    5.203    5.203    8.020    9.787    9.787   10.248
           -0.280000  0.000000  0.000000
   -5.461    4.432    5.112    5.112    7.948    9.935    9.935   10.289
           -0.300000  0.000000  0.000000
   -5.411    4.263    5.020    5.020    7.876   10.086   10.086   10.295
           -0.320000  0.000000  0.000000
   -5.358    4.093    4.930    4.930    7.802   10.241   10.241   10.267
           -0.340000  0.000000  0.000000
   -5.302    3.921    4.840    4.840    7.730   10.205   10.398   10.398
           -0.360000  0.000000  0.000000
   -5.242    3.747    4.752    4.752    7.657   10.117   10.558   10.558
           -0.380000  0.000000  0.000000
   -5.179    3.573    4.665    4.665    7.585   10.008   10.721   10.721
           -0.400000  0.000000  0.000000
   -5.113    3.398    4.580    4.580    7.515    9.884   10.885   10.885
           -0.420000  0.000000  0.000000
   -5.043    3.222    4.497    4.497    7.446    9.749   11.052   11.052
           -0.440000  0.000000  0.000000
   -4.970    3.045    4.416    4.416    7.379    9.609   11.220   11.220
           -0.460000  0.000000  0.000000
   -4.894    2.869    4.336    4.336    7.314    9.465   11.390   11.390
           -0.480000  0.000000  0.000000
   -4.815    2.691    4.260    4.260    7.251    9.319   11.562   11.562
           -0.500000  0.000000  0.000000
   -4.732    2.514    4.185    4.185    7.190    9.173   11.735   11.735
           -0.520000  0.000000  0.000000
   -4.646    2.337    4.113    4.113    7.132    9.028   11.909   11.909
           -0.540000  0.000000  0.000000
   -4.557    2.159    4.044    4.044    7.076    8.885   12.084   12.084
           -0.560000  0.000000  0.000000
   -4.465    1.982    3.977    3.977    7.024    8.745   12.261   12.261
           -0.580000  0.000000  0.000000
   -4.370    1.805    3.912    3.912    6.974    8.608   12.439   12.439
           -0.600000  0.000000  0.000000
   -4.272    1.628    3.851    3.851    6.927    8.475   12.617   12.617
           -0.620000  0.000000  0.000000
   -4.171    1.452    3.792    3.792    6.884    8.345   12.797   12.797
           -0.640000  0.000000  0.000000
   -4.066    1.275    3.736    3.736    6.844    8.220   12.977   12.977
           -0.660000  0.000000  0.000000
   -3.959    1.100    3.683    3.683    6.808    8.099   13.159   13.159
           -0.680000  0.000000  0.000000
   -3.849    0.925    3.633    3.633    6.775    7.983   13.341   13.341
           -0.700000  0.000000  0.000000
   -3.736    0.751    3.585    3.585    6.745    7.872   13.524   13.524
           -0.720000  0.000000  0.000000
   -3.619    0.577    3.541    3.541    6.719    7.765   13.708   13.708
           -0.740000  0.000000  0.000000
   -3.501    0.405    3.499    3.499    6.698    7.663   13.892   13.892
           -0.760000  0.000000  0.000000
   -3.379    0.233    3.461    3.461    6.680    7.567   14.077   14.077
           -0.780000  0.000000  0.000000
   -3.254    0.063    3.425    3.425    6.666    7.475   14.262   14.262
           -0.800000  0.000000  0.000000
   -3.127   -0.107    3.393    3.393    6.655    7.388   14.448   14.448
           -0.820000  0.000000  0.000000
   -2.997   -0.275    3.364    3.364    6.649    7.306   14.634   14.634
           -0.840000  0.000000  0.000000
   -2.865   -0.442    3.337    3.337    6.648    7.229   14.819   14.819
           -0.860000  0.000000  0.000000
   -2.730   -0.607    3.314    3.314    6.650    7.157   15.003   15.003
           -0.880000  0.000000  0.000000
   -2.593   -0.771    3.294    3.294    6.657    7.090   15.185   15.185
           -0.900000  0.000000  0.000000
   -2.453   -0.933    3.277    3.277    6.668    7.028   15.363   15.363
           -0.920000  0.000000  0.000000
   -2.310   -1.094    3.263    3.263    6.683    6.970   15.536   15.536
           -0.940000  0.000000  0.000000
   -2.166   -1.253    3.252    3.252    6.703    6.918   15.697   15.697
           -0.960000  0.000000  0.000000
   -2.019   -1.410    3.244    3.244    6.727    6.870   15.837   15.837
           -0.980000  0.000000  0.000000
   -1.870   -1.565    3.239    3.239    6.756    6.828   15.939   15.939
           -1.000000  0.000000  0.000000
   -1.719   -1.719    3.238    3.238    6.789    6.789   15.978   15.978
           -1.000000  0.010000  0.000000
   -1.718   -1.718    3.237    3.237    6.792    6.792   15.974   15.974
           -1.000000  0.020000  0.000000
   -1.718   -1.718    3.233    3.233    6.799    6.799   15.963   15.963
           -1.000000  0.030000  0.000000
   -1.717   -1.717    3.226    3.226    6.811    6.811   15.944   15.944
           -1.000000  0.040000  0.000000
   -1.716   -1.716    3.217    3.217    6.827    6.827   15.916   15.916
           -1.000000  0.050000  0.000000
   -1.715   -1.715    3.206    3.206    6.848    6.848   15.880   15.880
           -1.000000  0.060000  0.000000
   -1.714   -1.714    3.192    3.192    6.874    6.874   15.833   15.833
           -1.000000  0.070000  0.000000
   -1.712   -1.712    3.177    3.177    6.904    6.904   15.777   15.777
           -1.000000  0.080000  0.000000
   -1.710   -1.710    3.159    3.159    6.938    6.938   15.711   15.711
           -1.000000  0.090000  0.000000
   -1.707   -1.707    3.139    3.139    6.977    6.977   15.636   15.636
           -1.000000  0.100000  0.000000
   -1.705   -1.705    3.118    3.118    7.019    7.019   15.551   15.551
           -1.000000  0.110000  0.000000
   -1.702   -1.702    3.095    3.095    7.065    7.065   15.459   15.459
           -1.000000  0.120000  0.000000
   -1.699   -1.699    3.070    3.070    7.115    7.115   15.360   15.360
           -1.000000  0.130000  0.000000
   -1.696   -1.696    3.044    3.044    7.168    7.168   15.255   15.255
           -1.000000  0.140000  0.000000
   -1.692   -1.692    3.018    3.018    7.224    7.224   15.146   15.146
           -1.000000  0.150000  0.000000
   -1.689   -1.689    2.990    2.990    7.284    7.284   15.032   15.032
           -1.000000  0.160000  0.000000
   -1.685   -1.685    2.961    2.961    7.346    7.346   14.916   14.916
           -1.000000  0.170000  0.000000
   -1.681   -1.681    2.932    2.932    7.412    7.412   14.796   14.796
           -1.000000  0.180000  0.000000
   -1.677   -1.677    2.903    2.903    7.480    7.480   14.675   14.675
           -1.000000  0.190000  0.000000
   -1.673   -1.673    2.873    2.873    7.551    7.551   14.552   14.552
           -1.000000  0.200000  0.000000
   -1.668   -1.668    2.842    2.842    7.624    7.624   14.427   14.427
           -1.000000  0.210000  0.000000
   -1.664   -1.664    2.812    2.812    7.700    7.700   14.301   14.301
           -1.000000  0.220000  0.000000
   -1.659   -1.659    2.782    2.782    7.778    7.778   14.175   14.175
           -1.000000  0.230000  0.000000
   -1.654   -1.654    2.752    2.752    7.858    7.858   14.047   14.047
           -1.000000  0.240000  0.000000
   -1.649   -1.649    2.722    2.722    7.940    7.940   13.920   13.920
           -1.000000  0.250000  0.000000
   -1.645   -1.645    2.692    2.692    8.025    8.025   13.792   13.792
           -1.000000  0.260000  0.000000
   -1.640   -1.640    2.663    2.663    8.111    8.111   13.663   13.663
           -1.000000  0.270000  0.000000
   -1.635   -1.635    2.635    2.635    8.198    8.198   13.535   13.535
           -1.000000  0.280000  0.000000
   -1.630   -1.630    2.607    2.607    8.288    8.288   13.407   13.407
           -1.000000  0.290000  0.000000
   -1.625   -1.625    2.579    2.579    8.379    8.379   13.279   13.279
           -1.000000  0.300000  0.000000
   -1.620   -1.620    2.553    2.553    8.472    8.472   13.151   13.151
           -1.000000  0.310000  0.000000
   -1.616   -1.616    2.527    2.527    8.566    8.566   13.023   13.023
           -1.000000  0.320000  0.000000
   -1.611   -1.611    2.503    2.503    8.661    8.661   12.895   12.895
           -1.000000  0.330000  0.000000
   -1.606   -1.606    2.479    2.479    8.758    8.758   12.768   12.768
           -1.000000  0.340000  0.000000
   -1.602   -1.602    2.456    2.456    8.856    8.856   12.642   12.642
           -1.000000  0.350000  0.000000
   -1.598   -1.598    2.435    2.435    8.955    8.955   12.516   12.516
           -1.000000  0.360000  0.000000
   -1.594   -1.594    2.414    2.414    9.056    9.056   12.391   12.391
           -1.000000  0.370000  0.000000
   -1.590   -1.590    2.395    2.395    9.157    9.157   12.266   12.266
           -1.000000  0.380000  0.000000
   -1.586   -1.586    2.377    2.377    9.259    9.259   12.143   12.143
           -1.000000  0.390000  0.000000
   -1.583   -1.583    2.360    2.360    9.362    9.362   12.020   12.020
           -1.000000  0.400000  0.000000
   -1.579   -1.579    2.345    2.345    9.465    9.465   11.899   11.899
           -1.000000  0.410000  0.000000
   -1.577   -1.577    2.331    2.331    9.569    9.569   11.779   11.779
           -1.000000  0.420000  0.000000
   -1.574   -1.574    2.318    2.318    9.673    9.673   11.661   11.661
           -1.000000  0.430000  0.000000
   -1.571   -1.571    2.307    2.307    9.776    9.776   11.544   11.544
           -1.000000  0.440000  0.000000
   -1.569   -1.569    2.297    2.297    9.879    9.879   11.431   11.431
           -1.000000  0.450000  0.000000
   -1.568   -1.568    2.289    2.289    9.979    9.979   11.321   11.321
           -1.000000  0.460000  0.000000
   -1.566   -1.566    2.282    2.282   10.075   10.075   11.218   11.218
           -1.000000  0.470000  0.000000
   -1.565   -1.565    2.277    2.277   10.164   10.164   11.122   11.122
           -1.000000  0.480000  0.000000
   -1.564   -1.564    2.273    2.273   10.241   10.241   11.042   11.042
           -1.000000  0.490000  0.000000
   -1.563   -1.563    2.270    2.270   10.295   10.295   10.985   10.985
           -1.000000  0.500000  0.000000
   -1.563   -1.563    2.270    2.270   10.316   10.316   10.963   10.963
           -0.980000  0.490000  0.000000
   -1.657   -1.471    2.208    2.339   10.250   10.323   10.889   11.105
           -0.960000  0.480000  0.000000
   -1.756   -1.375    2.157    2.413   10.187   10.253   10.819   11.334
           -0.940000  0.470000  0.000000
   -1.861   -1.276    2.118    2.489   10.128   10.155   10.753   11.600
           -0.920000  0.460000  0.000000
   -1.971   -1.173    2.091    2.569   10.048   10.072   10.691   11.885
           -0.900000  0.450000  0.000000
   -2.085   -1.067    2.074    2.653    9.938   10.020   10.634   12.181
           -0.880000  0.440000  0.000000
   -2.202   -0.957    2.069    2.739    9.829    9.972   10.580   12.485
           -0.860000  0.430000  0.000000
   -2.323   -0.844    2.073    2.828    9.723    9.928   10.531   12.794
           -0.840000  0.420000  0.000000
   -2.447   -0.727    2.087    2.920    9.619    9.888   10.485   13.107
           -0.820000  0.410000  0.000000
   -2.573   -0.608    2.110    3.014    9.519    9.853   10.442   13.424
           -0.800000  0.400000  0.000000
   -2.699   -0.484    2.142    3.110    9.422    9.823   10.403   13.744
           -0.780000  0.390000  0.000000
   -2.827   -0.358    2.182    3.209    9.330    9.798   10.367   14.061
           -0.760000  0.380000  0.000000
   -2.955   -0.228    2.229    3.309    9.241    9.778   10.334   13.978
           -0.740000  0.370000  0.000000
   -3.084   -0.095    2.284    3.410    9.157    9.764   10.304   13.770
           -0.720000  0.360000  0.000000
   -3.211    0.042    2.346    3.513    9.077    9.755   10.276   13.565
           -0.700000  0.350000 -0.000000
   -3.338    0.182    2.414    3.616    9.001    9.753   10.250   13.361
           -0.680000  0.340000  0.000000
   -3.463    0.326    2.489    3.720    8.930    9.755   10.226   13.161
           -0.660000  0.330000 -0.000000
   -3.587    0.472    2.569    3.825    8.863    9.764   10.204   12.963
           -0.640000  0.320000  0.000000
   -3.708    0.622    2.654    3.929    8.800    9.778   10.185   12.768
           -0.620000  0.310000  0.000000
   -3.828    0.776    2.745    4.033    8.742    9.796   10.168   12.575
           -0.600000  0.300000  0.000000
   -3.945    0.932    2.840    4.137    8.687    9.817   10.155   12.386
           -0.580000  0.290000  0.000000
   -4.060    1.092    2.940    4.239    8.638    9.839   10.148   12.200
           -0.560000  0.280000  0.000000
   -4.172    1.255    3.045    4.340    8.593    9.858   10.151   12.016
           -0.540000  0.270000  0.000000
   -4.281    1.422    3.153    4.440    8.552    9.868   10.167   11.836
           -0.520000  0.260000  0.000000
   -4.386    1.591    3.265    4.538    8.515    9.867   10.200   11.659
           -0.500000  0.250000  0.000000
   -4.489    1.764    3.381    4.634    8.483    9.854   10.250   11.485
           -0.480000  0.240000  0.000000
   -4.588    1.939    3.499    4.728    8.455    9.831   10.312   11.314
           -0.460000  0.230000  0.000000
   -4.684    2.118    3.621    4.820    8.431    9.800   10.386   11.146
           -0.440000  0.220000  0.000000
   -4.777    2.299    3.746    4.909    8.412    9.763   10.467   10.981
           -0.420000  0.210000  0.000000
   -4.865    2.484    3.872    4.995    8.396    9.722   10.553   10.820
           -0.400000  0.200000  0.000000
   -4.950    2.671    4.001    5.079    8.385    9.675   10.642   10.662
           -0.380000  0.190000  0.000000
   -5.031    2.860    4.131    5.161    8.377    9.625   10.507   10.731
           -0.360000  0.180000  0.000000
   -5.109    3.052    4.263    5.239    8.374    9.571   10.356   10.814
           -0.340000  0.170000  0.000000
   -5.182    3.246    4.395    5.314    8.374    9.514   10.208   10.886
           -0.320000  0.160000  0.000000
   -5.252    3.443    4.528    5.387    8.377    9.455   10.064   10.937
           -0.300000  0.150000  0.000000
   -5.317    3.641    4.661    5.457    8.384    9.394    9.923   10.957
           -0.280000  0.140000  0.000000
   -5.378    3.840    4.793    5.523    8.394    9.331    9.787   10.935
           -0.260000  0.130000  0.000000
   -5.436    4.041    4.924    5.586    8.407    9.268    9.654   10.866
           -0.240000  0.120000  0.000000
   -5.489    4.242    5.052    5.647    8.422    9.205    9.526   10.752
           -0.220000  0.110000  0.000000
   -5.538    4.442    5.179    5.703    8.439    9.143    9.403   10.602
           -0.200000  0.100000  0.000000
   -5.583    4.642    5.301    5.757    8.457    9.081    9.285   10.430
           -0.180000  0.090000  0.000000
   -5.624    4.839    5.419    5.806    8.477    9.021    9.172   10.244
           -0.160000  0.080000  0.000000
   -5.660    5.033    5.532    5.852    8.497    8.962    9.067   10.053
           -0.140000  0.070000  0.000000
   -5.692    5.221    5.637    5.893    8.517    8.905    8.968    9.865
           -0.120000  0.060000  0.000000
   -5.720    5.401    5.733    5.930    8.536    8.849    8.878    9.685
           -0.100000  0.050000  0.000000
   -5.744    5.569    5.820    5.961    8.554    8.794    8.799    9.521
           -0.080000  0.040000  0.000000
   -5.763    5.721    5.894    5.988    8.569    8.730    8.740    9.379
           -0.060000  0.030000  0.000000
   -5.778    5.850    5.955    6.009    8.582    8.674    8.689    9.266
           -0.040000  0.020000  0.000000
   -5.789    5.950    5.999    6.024    8.591    8.633    8.643    9.185
           -0.020000  0.010000  0.000000
   -5.796    6.014    6.027    6.033    8.597    8.608    8.611    9.137
            0.000000  0.000000  0.000000
   -5.798    6.036    6.036    6.036    8.599    8.599    8.599    9.121
