 &plot nbnd=   6, nks=   201 /
           -0.500000  0.500000  0.500000
    3.325    3.546   19.366   19.366   19.394   19.394
           -0.490000  0.490000  0.490000
    3.155    3.721   19.303   19.303   19.461   19.461
           -0.480000  0.480000  0.480000
    2.912    3.978   19.232   19.232   19.546   19.546
           -0.470000  0.470000  0.470000
    2.667    4.247   19.166   19.166   19.635   19.635
           -0.460000  0.460000  0.460000
    2.425    4.522   19.104   19.104   19.729   19.729
           -0.450000  0.450000  0.450000
    2.188    4.803   19.047   19.047   19.827   19.827
           -0.440000  0.440000  0.440000
    1.954    5.089   18.994   18.994   19.930   19.930
           -0.430000  0.430000  0.430000
    1.726    5.379   18.946   18.946   20.038   20.038
           -0.420000  0.420000  0.420000
    1.502    5.675   18.902   18.902   20.150   20.150
           -0.410000  0.410000  0.410000
    1.283    5.975   18.863   18.863   20.266   20.266
           -0.400000  0.400000  0.400000
    1.069    6.280   18.828   18.828   20.387   20.387
           -0.390000  0.390000  0.390000
    0.860    6.589   18.798   18.798   20.513   20.513
           -0.380000  0.380000  0.380000
    0.656    6.903   18.773   18.773   20.642   20.642
           -0.370000  0.370000  0.370000
    0.457    7.221   18.752   18.752   20.777   20.777
           -0.360000  0.360000  0.360000
    0.263    7.544   18.736   18.736   20.915   20.915
           -0.350000  0.350000  0.350000
    0.075    7.871   18.724   18.724   21.058   21.058
           -0.340000  0.340000  0.340000
   -0.109    8.202   18.716   18.716   21.205   21.205
           -0.330000  0.330000  0.330000
   -0.288    8.538   18.714   18.714   21.356   21.356
           -0.320000  0.320000  0.320000
   -0.462    8.878   18.715   18.715   21.512   21.512
           -0.310000  0.310000  0.310000
   -0.630    9.223   18.721   18.721   21.671   21.671
           -0.300000  0.300000  0.300000
   -0.793    9.571   18.732   18.732   21.834   21.834
           -0.290000  0.290000  0.290000
   -0.951    9.924   18.747   18.747   22.001   22.001
           -0.280000  0.280000  0.280000
   -1.104   10.281   18.767   18.767   22.171   22.171
           -0.270000  0.270000  0.270000
   -1.252   10.641   18.791   18.791   22.293   22.344
           -0.260000  0.260000  0.260000
   -1.395   11.006   18.819   18.819   22.307   22.520
           -0.250000  0.250000  0.250000
   -1.532   11.375   18.852   18.852   22.323   22.698
           -0.240000  0.240000  0.240000
   -1.664   11.747   18.889   18.889   22.343   22.878
           -0.230000  0.230000  0.230000
   -1.791   12.123   18.931   18.931   22.366   23.059
           -0.220000  0.220000  0.220000
   -1.912   12.502   18.977   18.977   22.391   23.238
           -0.210000  0.210000  0.210000
   -2.028   12.885   19.027   19.027   22.418   23.415
           -0.200000  0.200000  0.200000
   -2.139   13.272   19.081   19.081   22.448   23.584
           -0.190000  0.190000  0.190000
   -2.244   13.661   19.140   19.140   22.479   23.739
           -0.180000  0.180000  0.180000
   -2.345   14.054   19.203   19.203   22.512   23.868
           -0.170000  0.170000  0.170000
   -2.439   14.449   19.269   19.269   22.545   23.953
           -0.160000  0.160000  0.160000
   -2.529   14.848   19.340   19.340   22.578   23.973
           -0.150000  0.150000  0.150000
   -2.613   15.248   19.414   19.414   22.611   23.921
           -0.140000  0.140000  0.140000
   -2.692   15.651   19.492   19.492   22.642   23.815
           -0.130000  0.130000  0.130000
   -2.765   16.055   19.574   19.574   22.672   23.675
           -0.120000  0.120000  0.120000
   -2.833   16.460   19.658   19.658   22.698   23.518
           -0.110000  0.110000  0.110000
   -2.895   16.866   19.746   19.746   22.719   23.354
           -0.100000  0.100000  0.100000
   -2.952   17.272   19.836   19.836   22.733   23.188
           -0.090000  0.090000  0.090000
   -3.004   17.677   19.927   19.927   22.739   23.024
           -0.080000  0.080000  0.080000
   -3.050   18.080   20.020   20.020   22.734   22.864
           -0.070000  0.070000  0.070000
   -3.091   18.479   20.113   20.113   22.711   22.711
           -0.060000  0.060000  0.060000
   -3.127   18.871   20.204   20.204   22.566   22.566
           -0.050000  0.050000  0.050000
   -3.157   19.254   20.292   20.292   22.432   22.432
           -0.040000  0.040000  0.040000
   -3.181   19.620   20.373   20.373   22.313   22.313
           -0.030000  0.030000  0.030000
   -3.200   19.960   20.445   20.445   22.212   22.212
           -0.020000  0.020000  0.020000
   -3.214   20.255   20.502   20.502   22.134   22.134
           -0.010000  0.010000  0.010000
   -3.222   20.469   20.538   20.538   22.084   22.084
            0.000000  0.000000  0.000000
   -3.225   20.551   20.551   20.551   22.067   22.067
           -0.020000  0.000000  0.000000
   -3.221   20.495   20.495   20.521   22.058   22.129
           -0.040000  0.000000  0.000000
   -3.210   20.346   20.346   20.434   22.031   22.294
           -0.060000  0.000000  0.000000
   -3.192   20.143   20.143   20.297   21.986   22.523
           -0.080000  0.000000  0.000000
   -3.167   19.914   19.914   20.123   21.924   22.790
           -0.100000  0.000000  0.000000
   -3.134   19.671   19.671   19.920   21.847   23.080
           -0.120000  0.000000  0.000000
   -3.094   19.423   19.423   19.698   21.755   23.385
           -0.140000  0.000000  0.000000
   -3.047   19.174   19.174   19.462   21.651   23.702
           -0.160000  0.000000  0.000000
   -2.992   18.926   18.926   19.218   21.535   24.028
           -0.180000  0.000000  0.000000
   -2.931   18.681   18.681   18.970   21.409   24.360
           -0.200000  0.000000  0.000000
   -2.862   18.440   18.440   18.720   21.275   23.872
           -0.220000  0.000000  0.000000
   -2.786   18.203   18.203   18.470   21.134   23.360
           -0.240000  0.000000  0.000000
   -2.702   17.970   17.970   18.221   20.986   22.844
           -0.260000  0.000000  0.000000
   -2.612   17.743   17.743   17.975   20.835   22.324
           -0.280000  0.000000  0.000000
   -2.514   17.521   17.521   17.732   20.679   21.803
           -0.300000  0.000000  0.000000
   -2.410   17.305   17.305   17.494   20.520   21.282
           -0.320000  0.000000  0.000000
   -2.298   17.094   17.094   17.260   20.359   20.764
           -0.340000  0.000000  0.000000
   -2.179   16.889   16.889   17.031   20.174   20.269
           -0.360000  0.000000  0.000000
   -2.052   16.690   16.690   16.808   19.717   20.049
           -0.380000  0.000000  0.000000
   -1.919   16.497   16.497   16.590   19.206   19.886
           -0.400000  0.000000  0.000000
   -1.779   16.310   16.310   16.379   18.696   19.726
           -0.420000  0.000000  0.000000
   -1.631   16.128   16.128   16.173   18.189   19.569
           -0.440000  0.000000  0.000000
   -1.477   15.953   15.953   15.974   17.686   19.413
           -0.460000  0.000000  0.000000
   -1.316   15.781   15.784   15.784   17.187   19.261
           -0.480000  0.000000  0.000000
   -1.147   15.595   15.621   15.621   16.692   19.111
           -0.500000  0.000000  0.000000
   -0.972   15.415   15.464   15.464   16.202   18.965
           -0.520000  0.000000  0.000000
   -0.790   15.242   15.313   15.313   15.716   18.822
           -0.540000  0.000000  0.000000
   -0.601   15.075   15.169   15.169   15.236   18.683
           -0.560000  0.000000  0.000000
   -0.405   14.761   14.916   15.030   15.030   18.549
           -0.580000  0.000000  0.000000
   -0.202   14.290   14.763   14.898   14.898   18.419
           -0.600000  0.000000  0.000000
    0.007   13.826   14.617   14.771   14.771   18.294
           -0.620000  0.000000  0.000000
    0.223   13.366   14.479   14.651   14.651   18.174
           -0.640000  0.000000  0.000000
    0.446   12.912   14.347   14.537   14.537   18.059
           -0.660000  0.000000  0.000000
    0.675   12.464   14.222   14.430   14.430   17.949
           -0.680000  0.000000  0.000000
    0.911   12.022   14.104   14.328   14.328   17.845
           -0.700000  0.000000  0.000000
    1.154   11.585   13.993   14.233   14.233   17.746
           -0.720000  0.000000  0.000000
    1.402   11.155   13.890   14.144   14.144   17.653
           -0.740000  0.000000  0.000000
    1.657   10.731   13.793   14.060   14.060   17.566
           -0.760000  0.000000  0.000000
    1.918   10.313   13.703   13.984   13.984   17.485
           -0.780000  0.000000  0.000000
    2.186    9.901   13.621   13.913   13.913   17.411
           -0.800000  0.000000  0.000000
    2.458    9.497   13.546   13.848   13.848   17.342
           -0.820000  0.000000  0.000000
    2.736    9.099   13.478   13.790   13.790   17.280
           -0.840000  0.000000  0.000000
    3.019    8.710   13.417   13.738   13.738   17.224
           -0.860000  0.000000  0.000000
    3.307    8.328   13.363   13.691   13.691   17.174
           -0.880000  0.000000  0.000000
    3.597    7.956   13.316   13.651   13.651   17.131
           -0.900000  0.000000  0.000000
    3.889    7.595   13.277   13.618   13.618   17.094
           -0.920000  0.000000  0.000000
    4.178    7.249   13.244   13.590   13.590   17.065
           -0.940000  0.000000  0.000000
    4.459    6.924   13.219   13.568   13.568   17.041
           -0.960000  0.000000  0.000000
    4.716    6.635   13.201   13.553   13.553   17.025
           -0.980000  0.000000  0.000000
    4.917    6.416   13.191   13.544   13.544   17.015
           -1.000000  0.000000  0.000000
    4.999    6.328   13.187   13.541   13.541   17.011
           -1.000000  0.010000  0.000000
    5.000    6.329   13.121   13.533   13.609   17.020
           -1.000000  0.020000  0.000000
    5.002    6.331   12.988   13.512   13.747   17.045
           -1.000000  0.030000  0.000000
    5.006    6.336   12.838   13.477   13.905   17.088
           -1.000000  0.040000  0.000000
    5.012    6.342   12.683   13.429   14.072   17.145
           -1.000000  0.050000  0.000000
    5.020    6.350   12.527   13.369   14.243   17.217
           -1.000000  0.060000  0.000000
    5.029    6.359   12.371   13.299   14.417   17.302
           -1.000000  0.070000  0.000000
    5.040    6.371   12.217   13.220   14.593   17.398
           -1.000000  0.080000  0.000000
    5.052    6.384   12.063   13.134   14.772   17.505
           -1.000000  0.090000  0.000000
    5.066    6.399   11.911   13.040   14.953   17.621
           -1.000000  0.100000  0.000000
    5.082    6.415   11.760   12.942   15.136   17.745
           -1.000000  0.110000  0.000000
    5.099    6.434   11.611   12.839   15.320   17.877
           -1.000000  0.120000  0.000000
    5.119    6.454   11.463   12.732   15.507   18.015
           -1.000000  0.130000  0.000000
    5.139    6.476   11.317   12.622   15.695   18.158
           -1.000000  0.140000  0.000000
    5.162    6.499   11.172   12.510   15.885   18.307
           -1.000000  0.150000  0.000000
    5.186    6.525   11.029   12.395   16.076   18.460
           -1.000000  0.160000  0.000000
    5.212    6.552   10.888   12.280   16.270   18.617
           -1.000000  0.170000  0.000000
    5.239    6.580   10.748   12.163   16.465   18.778
           -1.000000  0.180000  0.000000
    5.268    6.611   10.610   12.046   16.661   18.942
           -1.000000  0.190000  0.000000
    5.299    6.643   10.474   11.928   16.859   19.110
           -1.000000  0.200000  0.000000
    5.331    6.677   10.339   11.810   17.059   19.280
           -1.000000  0.210000  0.000000
    5.365    6.712   10.206   11.692   17.261   19.453
           -1.000000  0.220000  0.000000
    5.401    6.749   10.075   11.574   17.464   19.628
           -1.000000  0.230000  0.000000
    5.438    6.788    9.945   11.457   17.669   19.805
           -1.000000  0.240000  0.000000
    5.478    6.828    9.817   11.340   17.876   19.984
           -1.000000  0.250000  0.000000
    5.518    6.870    9.691   11.223   18.084   20.165
           -1.000000  0.260000  0.000000
    5.561    6.914    9.566   11.108   18.293   20.348
           -1.000000  0.270000  0.000000
    5.605    6.959    9.443   10.994   18.505   20.532
           -1.000000  0.280000  0.000000
    5.651    7.005    9.322   10.880   18.718   20.718
           -1.000000  0.290000  0.000000
    5.698    7.054    9.202   10.768   18.932   20.905
           -1.000000  0.300000  0.000000
    5.747    7.103    9.084   10.657   19.148   21.093
           -1.000000  0.310000  0.000000
    5.798    7.154    8.968   10.547   19.366   21.282
           -1.000000  0.320000  0.000000
    5.850    7.207    8.853   10.438   19.585   21.472
           -1.000000  0.330000  0.000000
    5.904    7.260    8.740   10.331   19.805   21.663
           -1.000000  0.340000  0.000000
    5.960    7.315    8.629   10.226   20.027   21.854
           -1.000000  0.350000  0.000000
    6.017    7.371    8.520   10.123   20.251   22.046
           -1.000000  0.360000  0.000000
    6.077    7.429    8.412   10.021   20.476   22.237
           -1.000000  0.370000  0.000000
    6.137    7.487    8.306    9.921   20.703   22.428
           -1.000000  0.380000  0.000000
    6.200    7.545    8.202    9.824   20.931   22.618
           -1.000000  0.390000  0.000000
    6.264    7.605    8.099    9.729   21.161   22.807
           -1.000000  0.400000  0.000000
    6.330    7.664    7.998    9.637   21.392   22.995
           -1.000000  0.410000  0.000000
    6.397    7.724    7.898    9.548   21.624   23.179
           -1.000000  0.420000  0.000000
    6.466    7.783    7.801    9.463   21.858   23.360
           -1.000000  0.430000  0.000000
    6.537    7.705    7.840    9.382   22.094   23.536
           -1.000000  0.440000  0.000000
    6.610    7.610    7.896    9.306   22.330   23.705
           -1.000000  0.450000  0.000000
    6.684    7.518    7.948    9.237   22.568   23.863
           -1.000000  0.460000  0.000000
    6.760    7.427    7.995    9.176   22.808   24.008
           -1.000000  0.470000  0.000000
    6.837    7.337    8.036    9.124   23.049   24.133
           -1.000000  0.480000  0.000000
    6.916    7.250    8.067    9.085   23.291   24.231
           -1.000000  0.490000  0.000000
    6.997    7.164    8.088    9.060   23.534   24.024
           -1.000000  0.500000  0.000000
    7.080    7.080    8.095    9.051   23.779   23.779
           -0.980000  0.490000  0.000000
    6.919    7.167    8.148    9.088   23.537   23.915
           -0.960000  0.480000  0.000000
    6.646    7.263    8.282    9.179   23.303   23.890
           -0.940000  0.470000  0.000000
    6.320    7.367    8.455    9.309   23.077   23.815
           -0.920000  0.460000  0.000000
    5.971    7.480    8.640    9.474   22.858   23.725
           -0.900000  0.450000  0.000000
    5.612    7.601    8.828    9.670   22.647   23.628
           -0.880000  0.440000  0.000000
    5.252    7.731    9.013    9.893   22.444   23.527
           -0.860000  0.430000  0.000000
    4.893    7.868    9.196   10.142   22.249   23.422
           -0.840000  0.420000  0.000000
    4.538    8.014    9.377   10.413   22.061   23.316
           -0.820000  0.410000  0.000000
    4.188    8.169    9.559   10.701   21.882   23.207
           -0.800000  0.400000  0.000000
    3.844    8.332    9.744   11.005   21.710   23.098
           -0.780000  0.390000  0.000000
    3.507    8.503    9.932   11.322   21.546   22.989
           -0.760000  0.380000  0.000000
    3.176    8.683   10.126   11.651   21.390   22.881
           -0.740000  0.370000  0.000000
    2.852    8.871   10.324   11.991   21.243   22.776
           -0.720000  0.360000  0.000000
    2.536    9.067   10.529   12.340   21.103   22.673
           -0.700000  0.350000 -0.000000
    2.228    9.272   10.740   12.699   20.971   22.575
           -0.680000  0.340000  0.000000
    1.927    9.485   10.957   13.067   20.847   22.480
           -0.660000  0.330000 -0.000000
    1.634    9.707   11.181   13.444   20.731   22.390
           -0.640000  0.320000  0.000000
    1.349    9.937   11.411   13.828   20.623   22.306
           -0.620000  0.310000  0.000000
    1.072   10.176   11.648   14.220   20.523   22.227
           -0.600000  0.300000  0.000000
    0.804   10.422   11.891   14.620   20.431   22.153
           -0.580000  0.290000  0.000000
    0.543   10.678   12.141   15.028   20.347   22.086
           -0.560000  0.280000  0.000000
    0.291   10.941   12.397   15.442   20.271   22.025
           -0.540000  0.270000  0.000000
    0.047   11.213   12.659   15.864   20.202   21.971
           -0.520000  0.260000  0.000000
   -0.188   11.493   12.927   16.292   20.142   21.922
           -0.500000  0.250000  0.000000
   -0.415   11.782   13.201   16.727   20.089   21.881
           -0.480000  0.240000  0.000000
   -0.633   12.079   13.481   17.168   20.044   21.846
           -0.460000  0.230000  0.000000
   -0.843   12.384   13.766   17.616   20.007   21.817
           -0.440000  0.220000  0.000000
   -1.044   12.697   14.057   18.068   19.977   21.795
           -0.420000  0.210000  0.000000
   -1.236   13.018   14.353   18.526   19.954   21.780
           -0.400000  0.200000  0.000000
   -1.420   13.348   14.653   18.989   19.940   21.772
           -0.380000  0.190000  0.000000
   -1.595   13.685   14.958   19.455   19.932   21.772
           -0.360000  0.180000  0.000000
   -1.761   14.030   15.267   19.922   19.932   21.781
           -0.340000  0.170000  0.000000
   -1.918   14.383   15.580   19.938   20.388   21.801
           -0.320000  0.160000  0.000000
   -2.067   14.744   15.897   19.951   20.843   21.841
           -0.300000  0.150000  0.000000
   -2.207   15.112   16.217   19.971   21.258   21.929
           -0.280000  0.140000  0.000000
   -2.337   15.488   16.540   19.997   21.549   22.147
           -0.260000  0.130000  0.000000
   -2.459   15.870   16.865   20.029   21.683   22.528
           -0.240000  0.120000  0.000000
   -2.572   16.259   17.192   20.066   21.750   22.979
           -0.220000  0.110000  0.000000
   -2.676   16.654   17.520   20.108   21.798   23.451
           -0.200000  0.100000  0.000000
   -2.771   17.054   17.848   20.155   21.838   23.927
           -0.180000  0.090000  0.000000
   -2.857   17.459   18.177   20.204   21.875   23.833
           -0.160000  0.080000  0.000000
   -2.934   17.867   18.504   20.256   21.909   23.615
           -0.140000  0.070000  0.000000
   -3.002   18.278   18.829   20.309   21.942   23.401
           -0.120000  0.060000  0.000000
   -3.061   18.688   19.149   20.362   21.972   23.189
           -0.100000  0.050000  0.000000
   -3.111   19.093   19.463   20.412   21.999   22.976
           -0.080000  0.040000  0.000000
   -3.152   19.489   19.766   20.457   22.023   22.760
           -0.060000  0.030000  0.000000
   -3.184   19.864   20.049   20.496   22.042   22.538
           -0.040000  0.020000  0.000000
   -3.207   20.199   20.297   20.526   22.056   22.314
           -0.020000  0.010000  0.000000
   -3.220   20.451   20.481   20.545   22.064   22.136
            0.000000  0.000000  0.000000
   -3.225   20.551   20.551   20.551   22.067   22.067
